<LXFML versionMajor="5" versionMinor="0" name="Patty_2_Finished.new_Copy">
  <Meta>
    <Application name="LDraw Converter" versionMajor="2.24.9" versionMinor="2" />
  </Meta>
  <Cameras>
    <Camera refID="0" orthographic="False" fieldOfView="15" distance="88.97072" transformation="0.694654,0,-0.719344,-0.453741,0.7759695,-0.4381672,0.558189,0.6307704,0.5390303,-18.63444,45.66143,4.550913" />
    <Camera refID="1" orthographic="True" orthographicSize="10.88" fieldOfView="15" distance="158.8268" transformation="0.8660253,0,-0.5000002,-0.4924041,0.1736485,-0.8528684,0.0868243,0.9848077,0.150384,-49.33622,139.4805,-19.86835" />
    <Camera refID="2" orthographic="True" orthographicSize="7.77143" fieldOfView="15" distance="156.6574" transformation="0.8660254,0,-0.5000001,-0.2500001,0.8660254,-0.4330128,0.4330128,0.5000001,0.7499999,4.714658,70.9687,68.29304" />
    <Camera refID="3" orthographic="True" orthographicSize="9.46087" fieldOfView="15" distance="158.7692" transformation="0.8660253,-1.490116E-08,-0.5000002,-0.2500001,0.8660253,-0.4330128,0.4330129,0.5000002,0.7499999,5.629092,72.0246,69.87688" />
    <Camera refID="4" orthographic="True" orthographicSize="11.21649" fieldOfView="15" distance="160.2753" transformation="0.8660253,0,-0.5000002,-0.2500001,0.8660253,-0.4330128,0.4330129,0.5000002,0.7499999,6.507715,73.97721,71.67592" />
    <Camera refID="5" orthographic="True" orthographicSize="9.46087" fieldOfView="15" distance="97.7627" transformation="0.8660253,-1.490116E-08,-0.5000002,-0.2500001,0.8660253,-0.4330128,0.4330129,0.5000002,0.7499999,-21.11106,45.04219,23.56159" />
    <Camera refID="6" orthographic="True" orthographicSize="8.84553" fieldOfView="15" distance="155.091" transformation="0.8660253,-1.490116E-08,-0.5000002,-0.2500001,0.8660253,-0.4330128,0.4330129,0.5000002,0.7499999,4.076787,69.21648,72.1434" />
    <Camera refID="7" orthographic="True" orthographicSize="11.45263" fieldOfView="15" distance="159.4917" transformation="0.8660253,-1.490116E-08,-0.5000002,-0.2500001,0.8660253,-0.4330128,0.4330129,0.5000002,0.7499999,9.141948,70.38586,69.61877" />
    <Camera refID="8" orthographic="True" orthographicSize="9.714285" fieldOfView="15" distance="156.704" transformation="0.8660253,0,-0.5000002,-0.2500001,0.8660253,-0.4330128,0.4330129,0.5000002,0.7499999,8.812407,68.08776,67.62418" />
    <Camera refID="9" orthographic="True" orthographicSize="8.242426" fieldOfView="15" distance="153.5619" transformation="0.8660253,0,-0.5000002,-0.2500001,0.8660253,-0.4330128,0.4330129,0.5000002,0.7499999,10.55834,65.69983,63.90045" />
    <Camera refID="10" orthographic="True" orthographicSize="6.929939" fieldOfView="15" distance="160.7777" transformation="0.8660254,0,0.5,0.2500001,0.8660253,-0.4330128,-0.4330127,0.5000001,0.7499999,-137.562,69.42884,69.78324" />
    <Camera refID="11" orthographic="True" orthographicSize="8.059258" fieldOfView="15" distance="160.5434" transformation="0.8660253,1.490116E-08,0.5000001,0.2500001,0.8660253,-0.4330128,-0.4330128,0.5000001,0.7499999,-136.2913,70.18192,70.63202" />
    <Camera refID="12" orthographic="True" orthographicSize="7.77143" fieldOfView="15" distance="160.7704" transformation="0.8660253,1.490116E-08,0.5000002,0.2500001,0.8660253,-0.4330128,-0.4330129,0.5000002,0.7499999,-136.8189,70.64726,70.31984" />
    <Camera refID="13" orthographic="True" orthographicSize="8.242426" fieldOfView="15" distance="164.7421" transformation="0.8660253,1.490116E-08,0.5000001,0.2500001,0.8660253,-0.4330128,-0.4330128,0.5000001,0.7499999,-141.7919,71.18437,72.26585" />
    <Camera refID="14" orthographic="True" orthographicSize="8.242426" fieldOfView="15" distance="150.1682" transformation="0.8660253,1.490116E-08,0.5000002,0.2500001,0.8660253,-0.4330128,-0.4330129,0.5000002,0.7499999,-128.1447,64.13569,77.02612" />
    <Camera refID="15" orthographic="True" orthographicSize="8.242426" fieldOfView="15" distance="150.1682" transformation="0.8660253,1.490116E-08,0.5000002,0.2500001,0.8660253,-0.4330128,-0.4330129,0.5000002,0.7499999,-128.1447,64.13569,77.02612" />
    <Camera refID="16" orthographic="True" orthographicSize="8.354707" fieldOfView="15" distance="150.6685" transformation="0.8660253,1.490116E-08,0.5000002,0.2500001,0.8660253,-0.4330128,-0.4330129,0.5000002,0.7499999,-128.3242,64.38588,76.60141" />
    <Camera refID="17" orthographic="True" orthographicSize="8.354707" fieldOfView="15" distance="150.6371" transformation="0.8660254,0,0.5000001,0.2500001,0.8660254,-0.4330128,-0.4330128,0.5000001,0.7499999,-128.409,63.53945,77.07484" />
    <Camera refID="18" orthographic="True" orthographicSize="11.82609" fieldOfView="15" distance="154.1686" transformation="0.8660253,1.490116E-08,0.5000001,0.2500001,0.8660253,-0.4330128,-0.4330128,0.5000001,0.7499999,-129.1804,65.63554,79.93889" />
    <Camera refID="19" orthographic="True" orthographicSize="9.628321" fieldOfView="15" distance="157.6059" transformation="0.8660253,0,0.5000002,0.2500001,0.8660253,-0.4330128,-0.4330129,0.5000002,0.7499999,-131.3654,68.64875,71.80441" />
    <Camera refID="20" orthographic="True" orthographicSize="12.08889" fieldOfView="15" distance="157.2094" transformation="0.8660254,0,0.5000001,0.2500001,0.8660253,-0.4330128,-0.4330128,0.5000001,0.7499999,-131.1937,69.25639,77.50705" />
    <Camera refID="21" orthographic="True" orthographicSize="12.08889" fieldOfView="15" distance="157.2094" transformation="0.9396926,0,0.3420202,0.1710101,0.8660253,-0.4698464,-0.2961982,0.5000001,0.8137976,-109.6851,69.25639,87.53665" />
    <Camera refID="22" orthographic="True" orthographicSize="9.714285" fieldOfView="15" distance="154.2411" transformation="0.9396926,1.490116E-08,0.3420203,0.1710102,0.8660253,-0.4698465,-0.2961982,0.5000002,0.8137976,-108.8059,67.77226,85.12109" />
    <Camera refID="23" orthographic="True" orthographicSize="9.714285" fieldOfView="15" distance="154.2412" transformation="0.8660254,0,0.5,-0.3535535,0.7071066,0.6123725,-0.3535534,-0.7071069,0.6123723,-117.6525,-118.4133,54.05304" />
    <Camera refID="24" orthographic="True" orthographicSize="9.714285" fieldOfView="15" distance="159.1236" transformation="0.8660254,0,0.5,-0.3535534,0.7071066,0.6123726,-0.3535533,-0.7071069,0.6123723,-119.3787,-124.2774,49.0429" />
    <Camera refID="25" orthographic="True" orthographicSize="10.88" fieldOfView="15" distance="155.8357" transformation="0.7071069,1.490116E-08,0.7071066,0.3535533,0.8660254,-0.3535534,-0.6123723,0.4999999,0.6123725,-158.5495,71.36945,54.22952" />
    <Camera refID="26" orthographic="True" orthographicSize="8.918036" fieldOfView="15" distance="153.1365" transformation="1,0,8.629227E-08,4.314614E-08,0.8660254,-0.5000001,-7.47313E-08,0.5000001,0.8660254,-63.07961,69.0503,91.97989" />
    <Camera refID="27" orthographic="True" orthographicSize="8.918036" fieldOfView="15" distance="153.1484" transformation="1,1.776357E-15,8.628557E-08,4.314279E-08,0.8660254,-0.5000001,-7.47255E-08,0.5000001,0.8660254,-63.07961,69.11234,91.95781" />
    <Camera refID="28" orthographic="True" orthographicSize="7.401363" fieldOfView="15" distance="153.3896" transformation="0.8660254,1.490116E-08,0.5000001,0.3213938,0.7660444,-0.5566704,-0.3830222,0.6427877,0.6634139,-122.8803,93.66512,58.41204" />
    <Camera refID="29" orthographic="True" orthographicSize="7.401363" fieldOfView="15" distance="152.904" transformation="0.8660253,0,0.5000001,0.3213939,0.7660444,-0.5566704,-0.3830223,0.6427877,0.6634139,-121.6856,93.73638,57.43863" />
    <Camera refID="30" orthographic="True" orthographicSize="7.401363" fieldOfView="15" distance="152.3834" transformation="0.8660253,-1.490116E-08,0.5000001,0.3213939,0.7660444,-0.5566704,-0.3830222,0.6427877,0.6634139,-121.1324,93.16933,57.52271" />
    <Camera refID="31" orthographic="True" orthographicSize="6.929939" fieldOfView="15" distance="152.4344" transformation="0.8660254,1.490116E-08,0.5000001,0.3213938,0.7660444,-0.5566704,-0.3830222,0.6427877,0.6634139,-121.9029,92.7431,57.5678" />
    <Camera refID="32" orthographic="True" orthographicSize="7.019353" fieldOfView="15" distance="152.2639" transformation="0.8660253,0,0.5000001,0.3213939,0.7660444,-0.5566704,-0.3830223,0.6427877,0.6634139,-121.4162,93.05074,57.29373" />
    <Camera refID="33" orthographic="True" orthographicSize="8.369228" fieldOfView="15" distance="153.0255" transformation="0.8660254,1.490116E-08,0.5000001,0.3213938,0.7660444,-0.5566704,-0.3830222,0.6427877,0.6634139,-120.791,93.79956,58.07717" />
    <Camera refID="34" orthographic="True" orthographicSize="6.886074" fieldOfView="15" distance="150.6513" transformation="0.8660253,0,0.5000001,0.3213939,0.7660444,-0.5566704,-0.3830223,0.6427877,0.6634139,-119.0051,93.23653,56.07498" />
    <Camera refID="35" orthographic="True" orthographicSize="9.220339" fieldOfView="15" distance="153.6055" transformation="0.8660253,0,0.5000001,0.3213939,0.7660444,-0.5566704,-0.3830223,0.6427877,0.6634139,-120.3191,94.79738,58.25713" />
    <Camera refID="36" orthographic="True" orthographicSize="9.299143" fieldOfView="15" distance="153.0651" transformation="0.8660253,0,0.5000001,0.3213939,0.7660444,-0.5566704,-0.3830223,0.6427877,0.6634139,-120.3806,92.50068,59.63218" />
    <Camera refID="37" orthographic="True" orthographicSize="7.941607" fieldOfView="15" distance="152.1388" transformation="0.8660254,2.980232E-08,0.5,0.3213938,0.7660444,-0.5566704,-0.3830222,0.6427877,0.6634139,-120.8205,91.59722,58.85729" />
    <Camera refID="38" orthographic="True" orthographicSize="9.299143" fieldOfView="15" distance="152.4635" transformation="0.8660253,-1.490116E-08,0.5000002,0.321394,0.7660444,-0.5566704,-0.3830223,0.6427877,0.6634138,-121.1428,93.54673,61.67173" />
    <Camera refID="39" orthographic="True" orthographicSize="8.369228" fieldOfView="15" distance="151.6895" transformation="0.8660254,0,0.5000001,0.3213938,0.7660444,-0.5566704,-0.3830222,0.6427877,0.6634139,-121.2204,92.95573,61.03292" />
    <Camera refID="40" orthographic="True" orthographicSize="7.157895" fieldOfView="15" distance="149.5868" transformation="0.8660253,-1.490116E-08,0.5000001,0.3213939,0.7660444,-0.5566704,-0.3830222,0.6427877,0.6634139,-120.0338,91.27134,60.18052" />
    <Camera refID="41" orthographic="True" orthographicSize="7.157895" fieldOfView="15" distance="148.9203" transformation="0.8660254,1.490116E-08,0.5,0.3213938,0.7660444,-0.5566704,-0.3830222,0.6427877,0.6634139,-119.1997,90.84292,60.07252" />
    <Camera refID="42" orthographic="True" orthographicSize="10.16822" fieldOfView="15" distance="152.1024" transformation="0.8660253,2.980232E-08,0.5000001,0.3213938,0.7660444,-0.5566703,-0.3830223,0.6427876,0.6634139,-121.3785,93.22114,64.88686" />
    <Camera refID="43" orthographic="True" orthographicSize="7.77143" fieldOfView="15" distance="154.2428" transformation="2.980232E-07,0,-0.9999999,-0.5,0.8660254,-1.192093E-07,0.8660254,0.5,2.384186E-07,72.64953,71.57525,-48.30734" />
    <Camera refID="44" orthographic="True" orthographicSize="7.77143" fieldOfView="15" distance="154.5563" transformation="2.980232E-07,0,-0.9999999,-0.5,0.8660254,-1.192093E-07,0.8660254,0.5,2.384186E-07,73.45813,72.04209,-49.50835" />
    <Camera refID="45" orthographic="True" orthographicSize="7.77143" fieldOfView="15" distance="154.3147" transformation="-1.192093E-07,0,1,0.5000001,0.8660254,2.980232E-08,-0.8660253,0.5,-1.192093E-07,-193.9604,71.79733,-49.20002" />
    <Camera refID="46" orthographic="True" orthographicSize="7.77143" fieldOfView="15" distance="154.8387" transformation="-1.192093E-07,0,0.9999999,0.5,0.8660254,5.960464E-08,-0.8660254,0.5,-1.192093E-07,-201.8542,68.87096,-38.80002" />
    <Camera refID="47" orthographic="True" orthographicSize="9.066669" fieldOfView="15" distance="153.277" transformation="0.8660253,3.72529E-09,0.5000001,0.0868241,0.9848077,-0.1503838,-0.492404,0.1736482,0.8528685,-138.2061,19.82489,89.50692" />
    <Camera refID="48" orthographic="True" orthographicSize="8.369228" fieldOfView="15" distance="152.5523" transformation="0.6427877,0,-0.7660444,-0.1330222,0.9848078,-0.1116189,0.7544065,0.1736481,0.6330223,53.64722,18.88792,53.32591" />
    <Camera refID="49" orthographic="True" orthographicSize="8.369228" fieldOfView="15" distance="154.5876" transformation="0.6427875,7.450581E-09,0.7660445,0.1330222,0.9848078,-0.1116189,-0.7544066,0.1736481,0.6330221,-180.9398,19.11469,55.2246" />
  </Cameras>
  <Bricks cameraRef="0">
    <Brick refID="0" designID="54675" itemNos="6265698">
      <Part refID="0" designID="54675" partType="rigid" materials="322,0">
        <Bone refID="0" transformation="-1.192093E-07,-1,0,-1,-1.192093E-07,1E-06,-1E-06,0,-1,-64.72,-9.36,-52.4" />
      </Part>
    </Brick>
    <Brick refID="1" designID="4519" itemNos="6130007">
      <Part refID="1" designID="4519" partType="rigid" materials="24,0">
        <Bone refID="1" transformation="1.788139E-07,0,-0.9999999,0,1,0,0.9999999,0,1.788139E-07,-61.92,-9.36,-52.4" />
      </Part>
    </Brick>
    <Brick refID="2" designID="6558" itemNos="6299413">
      <Part refID="2" designID="6558" partType="rigid" materials="23,0">
        <Bone refID="2" transformation="1.788139E-07,0,0.9999999,0,1,0,-0.9999999,0,1.788139E-07,-64.32,-10.96,-47.6" />
      </Part>
    </Brick>
    <Brick refID="3" designID="6558" itemNos="6299413">
      <Part refID="3" designID="6558" partType="rigid" materials="23,0">
        <Bone refID="3" transformation="1.788139E-07,0,0.9999999,0,1,0,-0.9999999,0,1.788139E-07,-64.32,-10.96,-49.2" />
      </Part>
    </Brick>
    <Brick refID="4" designID="54675" itemNos="6265698">
      <Part refID="4" designID="54675" partType="rigid" materials="322,0">
        <Bone refID="4" transformation="-1.192093E-07,1,0,1,-1.192093E-07,0,0,0,-1,-61.52,-9.36,-52.4" />
      </Part>
    </Brick>
    <Brick refID="5" designID="2780">
      <Part refID="5" designID="2780" partType="rigid" materials="26,0">
        <Bone refID="5" transformation="-0.9999999,-1.788139E-07,0,0,0,-1,1.788139E-07,-0.9999999,0,-60.72,-8.16,-46.8" />
      </Part>
    </Brick>
    <Brick refID="6" designID="2780">
      <Part refID="6" designID="2780" partType="rigid" materials="26,0">
        <Bone refID="6" transformation="-0.9999999,-1.788139E-07,0,0,0,-1,1.788139E-07,-0.9999999,0,-65.52,-8.16,-46.8" />
      </Part>
    </Brick>
    <Brick refID="7" designID="2780">
      <Part refID="7" designID="2780" partType="rigid" materials="26,0">
        <Bone refID="7" transformation="-0.9999999,-1.788139E-07,0,0,0,-1,1.788139E-07,-0.9999999,0,-60.72,-8.16,-51.6" />
      </Part>
    </Brick>
    <Brick refID="8" designID="2780">
      <Part refID="8" designID="2780" partType="rigid" materials="26,0">
        <Bone refID="8" transformation="-0.9999999,-1.788139E-07,0,0,0,-1,1.788139E-07,-0.9999999,0,-65.52,-8.16,-51.6" />
      </Part>
    </Brick>
    <Brick refID="9" designID="2780" itemNos="6279875">
      <Part refID="9" designID="2780" partType="rigid" materials="26,0">
        <Bone refID="9" transformation="0.9999999,-1.788139E-07,0,0,0,1,-1.788139E-07,-0.9999999,0,-60.72,-7.36,-53.2" />
      </Part>
    </Brick>
    <Brick refID="10" designID="2780" itemNos="6279875">
      <Part refID="10" designID="2780" partType="rigid" materials="26,0">
        <Bone refID="10" transformation="0.7071071,-1.788139E-07,-0.7071063,0.7071064,0,0.7071072,-1.264406E-07,-0.9999999,1.264405E-07,-65.52,-7.36,-53.2" />
      </Part>
    </Brick>
    <Brick refID="11" designID="2780">
      <Part refID="11" designID="2780" partType="rigid" materials="26,0">
        <Bone refID="11" transformation="-0.9999999,-1.788139E-07,0,0,0,-1,1.788139E-07,-0.9999999,0,-60.72,-7.36,-45.2" />
      </Part>
    </Brick>
    <Brick refID="12" designID="2780">
      <Part refID="12" designID="2780" partType="rigid" materials="26,0">
        <Bone refID="12" transformation="-0.9999999,-1.788139E-07,0,0,0,-1,1.788139E-07,-0.9999999,0,-65.52,-7.36,-45.2" />
      </Part>
    </Brick>
    <Brick refID="13" designID="64290" itemNos="6261634">
      <Part refID="13" designID="64290" partType="rigid" materials="124,0">
        <Bone refID="13" transformation="5.960464E-07,-5.364418E-07,0.9999999,0.9999999,5.960464E-07,-5.364418E-07,-5.364418E-07,0.9999999,5.960464E-07,-60.72,-6.56,-53.2" />
      </Part>
    </Brick>
    <Brick refID="14" designID="64290" itemNos="6261634">
      <Part refID="14" designID="64290" partType="rigid" materials="124,0">
        <Bone refID="14" transformation="5.960464E-07,-5.364418E-07,0.9999999,0.9999999,5.960464E-07,-5.364418E-07,-5.364418E-07,0.9999999,5.960464E-07,-65.52,-6.56,-53.2" />
      </Part>
    </Brick>
    <Brick refID="15" designID="" itemNos="6266358" />
    <Brick refID="16" designID="" itemNos="6263561" />
    <Brick refID="17" designID="32524" itemNos="6261638">
      <Part refID="15" designID="32524" partType="rigid" materials="322,0">
        <Bone refID="15" transformation="5.364418E-07,-0.9999999,5.960464E-07,-5.960464E-07,5.364418E-07,0.9999999,-0.9999999,-5.960464E-07,-5.364418E-07,-60.32,-6.159999,-50" />
      </Part>
    </Brick>
    <Brick refID="18" designID="6590" itemNos="6275844">
      <Part refID="16" designID="6590" partType="rigid" materials="194,0">
        <Bone refID="16" transformation="5.642599E-07,0.6547411,0.7558532,0,0.7558532,-0.6547411,-1,3.694442E-07,4.264977E-07,-60.308,-10.94488,-50.8131" />
      </Part>
    </Brick>
    <Brick refID="19" designID="32073" itemNos="4211639">
      <Part refID="17" designID="32073" partType="rigid" materials="194,0">
        <Bone refID="17" transformation="1.788139E-07,-0.654741,-0.7558532,0,0.7558532,-0.6547411,0.9999999,1.170768E-07,1.351571E-07,-56.28,-10.96,-50.8" />
      </Part>
    </Brick>
    <Brick refID="20" designID="32523" itemNos="4153707">
      <Part refID="18" designID="32523" partType="rigid" materials="24,0">
        <Bone refID="18" transformation="5.364418E-07,5.960466E-07,0.9999999,-7.152558E-07,1,-5.364418E-07,-1,-6.556511E-07,5.960464E-07,-60.32,-10.96,-49.2" />
      </Part>
    </Brick>
    <Brick refID="21" designID="6558" itemNos="6299413">
      <Part refID="19" designID="6558" partType="rigid" materials="23,0">
        <Bone refID="19" transformation="1.788139E-07,0,-0.9999999,0,-1,0,-0.9999999,0,-1.788139E-07,-61.12,-10.96,-49.2" />
      </Part>
    </Brick>
    <Brick refID="22" designID="2780">
      <Part refID="20" designID="2780" partType="rigid" materials="26,0">
        <Bone refID="20" transformation="1.788139E-07,0,-0.9999999,0,1,0,0.9999999,0,1.788139E-07,-59.52,-7.76,-47.6" />
      </Part>
    </Brick>
    <Brick refID="23" designID="2780">
      <Part refID="21" designID="2780" partType="rigid" materials="26,0">
        <Bone refID="21" transformation="1.788139E-07,0,-0.9999999,0,1,0,0.9999999,0,1.788139E-07,-59.52,-10.96,-47.6" />
      </Part>
    </Brick>
    <Brick refID="24" designID="2780">
      <Part refID="22" designID="2780" partType="rigid" materials="26,0">
        <Bone refID="22" transformation="1.788139E-07,0,-0.9999999,0,1,0,0.9999999,0,1.788139E-07,-59.52,-7.76,-52.4" />
      </Part>
    </Brick>
    <Brick refID="25" designID="2780">
      <Part refID="23" designID="2780" partType="rigid" materials="26,0">
        <Bone refID="23" transformation="1.788139E-07,0,-0.9999999,0,1,0,0.9999999,0,1.788139E-07,-59.52,-7.76,-49.2" />
      </Part>
    </Brick>
    <Brick refID="26" designID="32524" itemNos="6261638">
      <Part refID="24" designID="32524" partType="rigid" materials="322,0">
        <Bone refID="24" transformation="5.364418E-07,-0.9999999,5.960464E-07,-5.960464E-07,5.364418E-07,0.9999999,-0.9999999,-5.960464E-07,-5.364418E-07,-66.88,-6.159999,-50" />
      </Part>
    </Brick>
    <Brick refID="27" designID="32524" itemNos="6261638">
      <Part refID="25" designID="32524" partType="rigid" materials="322,0">
        <Bone refID="25" transformation="5.364418E-07,5.960466E-07,0.9999999,-7.152558E-07,1,-5.364418E-07,-1,-6.556511E-07,5.960464E-07,-67.68,-7.76,-50.8" />
      </Part>
    </Brick>
    <Brick refID="28" designID="6558" itemNos="6299413">
      <Part refID="26" designID="6558" partType="rigid" materials="23,0">
        <Bone refID="26" transformation="1.788139E-07,0,-0.9999999,0,-1,0,-0.9999999,0,-1.788139E-07,-67.67999,-7.76,-50" />
      </Part>
    </Brick>
    <Brick refID="29" designID="2780">
      <Part refID="27" designID="2780" partType="rigid" materials="26,0">
        <Bone refID="27" transformation="1.788139E-07,0,-0.9999999,0,1,0,0.9999999,0,1.788139E-07,-59.52,-10.96,-52.4" />
      </Part>
    </Brick>
    <Brick refID="30" designID="4519" itemNos="6130007">
      <Part refID="28" designID="4519" partType="rigid" materials="24,0">
        <Bone refID="28" transformation="1.788139E-07,0,-0.9999999,0,1,0,0.9999999,0,1.788139E-07,-57.92,-9.36,-52.4" />
      </Part>
    </Brick>
    <Brick refID="31" designID="32270" itemNos="4177431">
      <Part refID="29" designID="32270" partType="rigid" materials="26,0">
        <Bone refID="29" transformation="0,0.7558538,-0.6547406,-2.980232E-08,0.6547406,0.7558538,1,-2.980232E-08,0,-57.904,-10.96,-50.8" />
      </Part>
    </Brick>
    <Brick refID="32" designID="32073" itemNos="4211639">
      <Part refID="30" designID="32073" partType="rigid" materials="194,0">
        <Bone refID="30" transformation="1.788139E-07,0,-0.9999999,0,1,0,0.9999999,0,1.788139E-07,-65.9664,-10.96,-50.8" />
      </Part>
    </Brick>
    <Brick refID="33" designID="6590" itemNos="6275844">
      <Part refID="31" designID="6590" partType="rigid" materials="194,0">
        <Bone refID="31" transformation="6.834693E-07,0,1,0,1,0,-1,0,6.834693E-07,-66.72,-10.94,-50.8" />
      </Part>
    </Brick>
    <Brick refID="34" designID="2780">
      <Part refID="32" designID="2780" partType="rigid" materials="26,0">
        <Bone refID="32" transformation="1.788139E-07,0,-0.9999999,0,1,0,0.9999999,0,1.788139E-07,-65.12,-10.96,-47.6" />
      </Part>
    </Brick>
    <Brick refID="35" designID="32523" itemNos="4153707">
      <Part refID="33" designID="32523" partType="rigid" materials="24,0">
        <Bone refID="33" transformation="5.364418E-07,-5.960464E-07,-1,-7.152558E-07,-1,5.364419E-07,-1,4.172326E-07,-5.960466E-07,-66.72,-10.96,-47.6" />
      </Part>
    </Brick>
    <Brick refID="36" designID="2780">
      <Part refID="34" designID="2780" partType="rigid" materials="26,0">
        <Bone refID="34" transformation="1.788139E-07,0,-0.9999999,0,1,0,0.9999999,0,1.788139E-07,-65.12,-7.76,-52.4" />
      </Part>
    </Brick>
    <Brick refID="37" designID="2780">
      <Part refID="35" designID="2780" partType="rigid" materials="26,0">
        <Bone refID="35" transformation="1.788139E-07,0,-0.9999999,0,1,0,0.9999999,0,1.788139E-07,-65.12,-7.76,-47.6" />
      </Part>
    </Brick>
    <Brick refID="38" designID="2780">
      <Part refID="36" designID="2780" partType="rigid" materials="26,0">
        <Bone refID="36" transformation="1.788139E-07,0,-0.9999999,0,1,0,0.9999999,0,1.788139E-07,-65.12,-7.76,-49.2" />
      </Part>
    </Brick>
    <Brick refID="39" designID="2780">
      <Part refID="37" designID="2780" partType="rigid" materials="26,0">
        <Bone refID="37" transformation="1.788139E-07,0,-0.9999999,0,1,0,0.9999999,0,1.788139E-07,-65.12,-10.96,-52.4" />
      </Part>
    </Brick>
    <Brick refID="40" designID="32523" itemNos="4153707">
      <Part refID="38" designID="32523" partType="rigid" materials="24,0">
        <Bone refID="38" transformation="5.364418E-07,-5.960464E-07,-1,-7.152558E-07,-1,5.364419E-07,-1,4.172326E-07,-5.960466E-07,-66.72,-10.96,-51.6" />
      </Part>
    </Brick>
    <Brick refID="41" designID="32523" itemNos="4153707">
      <Part refID="39" designID="32523" partType="rigid" materials="24,0">
        <Bone refID="39" transformation="5.364418E-07,-5.960464E-07,-1,-7.152558E-07,-1,5.364419E-07,-1,4.172326E-07,-5.960466E-07,-66.72,-7.76,-50.8" />
      </Part>
    </Brick>
    <Brick refID="42" designID="2780">
      <Part refID="40" designID="2780" partType="rigid" materials="26,0">
        <Bone refID="40" transformation="1.788139E-07,0,-0.9999999,0,1,0,0.9999999,0,1.788139E-07,-65.92,-7.76,-48.4" />
      </Part>
    </Brick>
    <Brick refID="43" designID="2780">
      <Part refID="41" designID="2780" partType="rigid" materials="26,0">
        <Bone refID="41" transformation="1.788139E-07,0,-0.9999999,0,1,0,0.9999999,0,1.788139E-07,-65.92,-10.96,-51.6" />
      </Part>
    </Brick>
    <Brick refID="44" designID="4519" itemNos="6130007">
      <Part refID="42" designID="4519" partType="rigid" materials="24,0">
        <Bone refID="42" transformation="1.788139E-07,0,-0.9999999,0,1,0,0.9999999,0,1.788139E-07,-65.92,-9.36,-52.4" />
      </Part>
    </Brick>
    <Brick refID="45" designID="48989" itemNos="6282158">
      <Part refID="43" designID="48989" partType="rigid" materials="194,0">
        <Bone refID="43" transformation="5.960464E-07,4.172326E-07,1,-5.364418E-07,-1,4.768372E-07,0.9999999,-5.960464E-07,-5.364419E-07,-67.92,-9.748399,-36.4" />
      </Part>
    </Brick>
    <Brick refID="46" designID="48989" itemNos="6282158">
      <Part refID="44" designID="48989" partType="rigid" materials="194,0">
        <Bone refID="44" transformation="5.960464E-07,4.172326E-07,1,-5.364418E-07,-1,4.768372E-07,0.9999999,-5.960464E-07,-5.364419E-07,-58.32,-9.748399,-36.39999" />
      </Part>
    </Brick>
    <Brick refID="47" designID="41239" itemNos="6261643">
      <Part refID="45" designID="41239" partType="rigid" materials="322,0">
        <Bone refID="45" transformation="1,-5.364418E-07,-7.152558E-07,-6.556511E-07,5.960464E-07,-1,5.960466E-07,0.9999999,5.364418E-07,-67.92,-11.3484,-36.4" />
      </Part>
    </Brick>
    <Brick refID="48" designID="41239" itemNos="6261643">
      <Part refID="46" designID="41239" partType="rigid" materials="322,0">
        <Bone refID="46" transformation="1,-5.364418E-07,-7.152558E-07,-6.556511E-07,5.960464E-07,-1,5.960466E-07,0.9999999,5.364418E-07,-67.92,-11.3484,-34.8" />
      </Part>
    </Brick>
    <Brick refID="49" designID="6562" itemNos="4666579">
      <Part refID="47" designID="6562" partType="rigid" materials="5,0">
        <Bone refID="47" transformation="-1,4.768372E-07,-5.364418E-07,-5.960464E-07,-5.364419E-07,0.9999999,4.172326E-07,1,5.960464E-07,-63.12,-10.5484,-34.8" />
      </Part>
    </Brick>
    <Brick refID="50" designID="32184" itemNos="6276981">
      <Part refID="48" designID="32184" partType="rigid" materials="1,0">
        <Bone refID="48" transformation="5.960464E-08,1.192093E-07,-0.9999999,0.9999999,5.960464E-08,1.192093E-07,1.192093E-07,-0.9999999,-5.960464E-08,-63.12,-11.3484,-34.82499" />
      </Part>
    </Brick>
    <Brick refID="51" designID="32073" itemNos="4211639">
      <Part refID="49" designID="32073" partType="rigid" materials="194,0">
        <Bone refID="49" transformation="-2.131628E-14,1.78814E-07,-0.9999999,-1,-1.192093E-07,0,-1.192093E-07,1,1.788139E-07,-63.12,-8.9484,-36.39999" />
      </Part>
    </Brick>
    <Brick refID="52" designID="32123" itemNos="6271167">
      <Part refID="50" designID="32123" partType="rigid" materials="24,0">
        <Bone refID="50" transformation="0,0,-1,-1,0,0,0,1,0,-63.12,-12.1484,-36.39999" />
      </Part>
    </Brick>
    <Brick refID="53" designID="32123" itemNos="6271167">
      <Part refID="51" designID="32123" partType="rigid" materials="24,0">
        <Bone refID="51" transformation="0,0,-1,-1,0,0,0,1,0,-63.12,-12.5412,-36.39999" />
      </Part>
    </Brick>
    <Brick refID="54" designID="32123" itemNos="6271167">
      <Part refID="52" designID="32123" partType="rigid" materials="24,0">
        <Bone refID="52" transformation="0,-1,0,0,0,1,-1,0,0,-67.5024,-10.9484,-36.4" />
      </Part>
    </Brick>
    <Brick refID="55" designID="32073" itemNos="4211639">
      <Part refID="53" designID="32073" partType="rigid" materials="194,0">
        <Bone refID="53" transformation="-1.788139E-07,0,-0.9999999,0,-1,0,-0.9999999,0,1.788139E-07,-70.652,-10.9484,-36.39999" />
      </Part>
    </Brick>
    <Brick refID="56" designID="32073" itemNos="4211639">
      <Part refID="54" designID="32073" partType="rigid" materials="194,0">
        <Bone refID="54" transformation="-1.788139E-07,0,-0.9999999,0,-1,0,-0.9999999,0,1.788139E-07,-59.5136,-10.9484,-36.39999" />
      </Part>
    </Brick>
    <Brick refID="57" designID="32123" itemNos="6271167">
      <Part refID="55" designID="32123" partType="rigid" materials="24,0">
        <Bone refID="55" transformation="0,-1,0,0,0,1,-1,0,0,-59.1056,-10.9484,-36.39999" />
      </Part>
    </Brick>
    <Brick refID="58" designID="32123" itemNos="6271167">
      <Part refID="56" designID="32123" partType="rigid" materials="24,0">
        <Bone refID="56" transformation="0,-1,0,0,0,1,-1,0,0,-67.1112,-10.9484,-36.4" />
      </Part>
    </Brick>
    <Brick refID="59" designID="32123" itemNos="6271167">
      <Part refID="57" designID="32123" partType="rigid" materials="24,0">
        <Bone refID="57" transformation="0,-1,0,0,0,1,-1,0,0,-59.5136,-10.9484,-36.39999" />
      </Part>
    </Brick>
    <Brick refID="60" designID="6590" itemNos="6275844">
      <Part refID="58" designID="6590" partType="rigid" materials="194,0">
        <Bone refID="58" transformation="6.834693E-07,0,1,0,1,0,-1,0,6.834693E-07,-57.902,-10.9284,-36.39999" />
      </Part>
    </Brick>
    <Brick refID="61" designID="6590" itemNos="6275844">
      <Part refID="59" designID="6590" partType="rigid" materials="194,0">
        <Bone refID="59" transformation="6.834693E-07,0,1,0,1,0,-1,0,6.834693E-07,-69.1264,-10.9284,-36.4" />
      </Part>
    </Brick>
    <Brick refID="62" designID="2780">
      <Part refID="60" designID="2780" partType="rigid" materials="26,0">
        <Bone refID="60" transformation="-2.131628E-14,1.78814E-07,1,1,-1.192093E-07,0,-1.192093E-07,1,-1.78814E-07,-59.12,-8.9484,-36.4" />
      </Part>
    </Brick>
    <Brick refID="63" designID="2780">
      <Part refID="61" designID="2780" partType="rigid" materials="26,0">
        <Bone refID="61" transformation="-2.131628E-14,1.78814E-07,1,1,-1.192093E-07,0,-1.192093E-07,1,-1.78814E-07,-67.12,-8.9484,-36.4" />
      </Part>
    </Brick>
    <Brick refID="64" designID="41239" itemNos="6261643">
      <Part refID="62" designID="41239" partType="rigid" materials="322,0">
        <Bone refID="62" transformation="1,-5.364418E-07,-7.152558E-07,-6.556511E-07,5.960464E-07,-1,5.960466E-07,0.9999999,5.364418E-07,-67.92,-9.748401,-36.4" />
      </Part>
    </Brick>
    <Brick refID="65" designID="39367pb01" itemNos="6253244">
      <Part refID="63" designID="39367" partType="rigid" materials="26,0">
        <Bone refID="63" transformation="-1.192093E-07,0,1,0,1,0,-1,0,-1.192093E-07,-69.5292,-10.9484,-36.40001" />
      </Part>
    </Brick>
    <Brick refID="66" designID="39367pb01" itemNos="6253244">
      <Part refID="64" designID="39367" partType="rigid" materials="26,0">
        <Bone refID="64" transformation="-1.192093E-07,0,1,0,1,0,-1,0,-1.192093E-07,-56.7072,-10.9484,-36.39999" />
      </Part>
    </Brick>
    <Brick refID="67" designID="32123" itemNos="6271167">
      <Part refID="65" designID="32123" partType="rigid" materials="24,0">
        <Bone refID="65" transformation="0,-1,0,0,0,1,-1,0,0,-70.28919,-10.9484,-36.4" />
      </Part>
    </Brick>
    <Brick refID="68" designID="32123" itemNos="6271167">
      <Part refID="66" designID="32123" partType="rigid" materials="24,0">
        <Bone refID="66" transformation="0,-1,0,0,0,1,-1,0,0,-70.652,-10.9484,-36.4" />
      </Part>
    </Brick>
    <Brick refID="69" designID="32123" itemNos="6271167">
      <Part refID="67" designID="32123" partType="rigid" materials="24,0">
        <Bone refID="67" transformation="0,-1,0,0,0,1,-1,0,0,-56.3212,-10.9484,-36.39999" />
      </Part>
    </Brick>
    <Brick refID="70" designID="32123" itemNos="6271167">
      <Part refID="68" designID="32123" partType="rigid" materials="24,0">
        <Bone refID="68" transformation="0,-1,0,0,0,1,-1,0,0,-55.9072,-10.9484,-36.39999" />
      </Part>
    </Brick>
    <Brick refID="71" designID="18651" itemNos="6089119">
      <Part refID="69" designID="18651" partType="rigid" materials="26,0">
        <Bone refID="69" transformation="2.384186E-07,2.384186E-07,1,-1,2.384186E-07,2.384186E-07,-2.384186E-07,-1,2.384186E-07,-65.52,-11.36,-46" />
      </Part>
    </Brick>
    <Brick refID="72" designID="18651" itemNos="6089119">
      <Part refID="70" designID="18651" partType="rigid" materials="26,0">
        <Bone refID="70" transformation="2.384186E-07,2.384186E-07,1,-1,2.384186E-07,2.384186E-07,-2.384186E-07,-1,2.384186E-07,-63.92,-11.36,-46" />
      </Part>
    </Brick>
    <Brick refID="73" designID="18651" itemNos="6089119">
      <Part refID="71" designID="18651" partType="rigid" materials="26,0">
        <Bone refID="71" transformation="2.384186E-07,2.384186E-07,1,-1,2.384186E-07,2.384186E-07,-2.384186E-07,-1,2.384186E-07,-62.32,-11.3484,-46" />
      </Part>
    </Brick>
    <Brick refID="74" designID="18651" itemNos="6089119">
      <Part refID="72" designID="18651" partType="rigid" materials="26,0">
        <Bone refID="72" transformation="2.384186E-07,2.384186E-07,1,-1,2.384186E-07,2.384186E-07,-2.384186E-07,-1,2.384186E-07,-60.72,-11.3484,-46" />
      </Part>
    </Brick>
    <Brick refID="75" designID="32184" itemNos="6276981">
      <Part refID="73" designID="32184" partType="rigid" materials="1,0">
        <Bone refID="73" transformation="1,-2.131628E-14,-5.960466E-08,-1.192093E-07,-5.960467E-08,-1,1.788139E-07,1,-1.192093E-07,-65.495,-10.56,-46" />
      </Part>
    </Brick>
    <Brick refID="76" designID="32184" itemNos="6276981">
      <Part refID="74" designID="32184" partType="rigid" materials="1,0">
        <Bone refID="74" transformation="1,2.384186E-07,5.960464E-08,-1.192093E-07,5.960464E-08,0.9999999,1.788139E-07,-1,1.192093E-07,-65.495,-10.56,-46" />
      </Part>
    </Brick>
    <Brick refID="77" designID="32184" itemNos="6276981">
      <Part refID="75" designID="32184" partType="rigid" materials="1,0">
        <Bone refID="75" transformation="1,2.384186E-07,5.960464E-08,-1.192093E-07,5.960464E-08,0.9999999,1.788139E-07,-1,1.192093E-07,-62.295,-11.36,-46" />
      </Part>
    </Brick>
    <Brick refID="78" designID="32184" itemNos="6276981">
      <Part refID="76" designID="32184" partType="rigid" materials="1,0">
        <Bone refID="76" transformation="1,-2.131628E-14,-5.960466E-08,-1.192093E-07,-5.960467E-08,-1,1.788139E-07,1,-1.192093E-07,-62.295,-9.748401,-46" />
      </Part>
    </Brick>
    <Brick refID="79" designID="2780">
      <Part refID="77" designID="2780" partType="rigid" materials="26,0">
        <Bone refID="77" transformation="0,-0.9999999,1.788139E-07,1,0,0,0,1.788139E-07,0.9999999,-61.52,-10.96,-45.6" />
      </Part>
    </Brick>
    <Brick refID="80" designID="2780">
      <Part refID="78" designID="2780" partType="rigid" materials="26,0">
        <Bone refID="78" transformation="0,-0.9999999,1.788139E-07,1,0,0,0,1.788139E-07,0.9999999,-64.72,-10.96,-45.6" />
      </Part>
    </Brick>
    <Brick refID="81" designID="39790" itemNos="6245375">
      <Part refID="79" designID="39790" partType="rigid" materials="322,0">
        <Bone refID="79" transformation="1.788139E-07,0,-0.9999999,0,1,0,0.9999999,0,1.788139E-07,-58.7,-9.348319,-35.6" />
      </Part>
    </Brick>
    <Brick refID="82" designID="32523" itemNos="4153707">
      <Part refID="80" designID="32523" partType="rigid" materials="24,0">
        <Bone refID="80" transformation="5.364418E-07,-5.960464E-07,-1,-7.152558E-07,-1,5.364419E-07,-1,4.172326E-07,-5.960466E-07,-60.32,-7.76,-50.8" />
      </Part>
    </Brick>
    <Brick refID="83" designID="55615" itemNos="6313453">
      <Part refID="81" designID="55615" partType="rigid" materials="194,0">
        <Bone refID="81" transformation="0.9999999,-1.788139E-07,0,0,0,1,-1.788139E-07,-0.9999999,0,-66.32,-10.16,-46.4" />
      </Part>
    </Brick>
    <Brick refID="84" designID="55615" itemNos="6313453">
      <Part refID="82" designID="55615" partType="rigid" materials="194,0">
        <Bone refID="82" transformation="-0.9999999,1.788139E-07,0,0,0,1,1.788139E-07,0.9999999,0,-59.92,-10.1484,-46.4" />
      </Part>
    </Brick>
    <Brick refID="85" designID="2780">
      <Part refID="83" designID="2780" partType="rigid" materials="26,0">
        <Bone refID="83" transformation="-0.9999999,-1.788139E-07,0,0,0,-1,1.788139E-07,-0.9999999,0,-61.52,-11.3484,-45.2" />
      </Part>
    </Brick>
    <Brick refID="86" designID="2780">
      <Part refID="84" designID="2780" partType="rigid" materials="26,0">
        <Bone refID="84" transformation="-2.131628E-14,1.78814E-07,1,1,-1.192093E-07,0,-1.192093E-07,1,-1.78814E-07,-64.72,-9.760003,-45.2" />
      </Part>
    </Brick>
    <Brick refID="87" designID="39793" itemNos="6265644">
      <Part refID="85" designID="39793" partType="rigid" materials="26,0">
        <Bone refID="85" transformation="1,-5.960464E-08,-2.384186E-07,-1.788139E-07,1.192093E-07,-1,1.192093E-07,0.9999999,5.960464E-08,-62.32,-10.9284,-43.2" />
      </Part>
    </Brick>
    <Brick refID="88" designID="39793" itemNos="6265644">
      <Part refID="86" designID="39793" partType="rigid" materials="26,0">
        <Bone refID="86" transformation="1,-5.960464E-08,-2.384186E-07,-1.788139E-07,1.192093E-07,-1,1.192093E-07,0.9999999,5.960464E-08,-65.52,-10.94,-43.2" />
      </Part>
    </Brick>
    <Brick refID="89" designID="2780">
      <Part refID="87" designID="2780" partType="rigid" materials="26,0">
        <Bone refID="87" transformation="-2.131628E-14,1.78814E-07,1,1,-1.192093E-07,0,-1.192093E-07,1,-1.78814E-07,-65.52,-10.56,-44.4" />
      </Part>
    </Brick>
    <Brick refID="90" designID="2780">
      <Part refID="88" designID="2780" partType="rigid" materials="26,0">
        <Bone refID="88" transformation="-2.131628E-14,1.78814E-07,1,1,-1.192093E-07,0,-1.192093E-07,1,-1.78814E-07,-65.52,-10.56,-46.8" />
      </Part>
    </Brick>
    <Brick refID="91" designID="2780">
      <Part refID="89" designID="2780" partType="rigid" materials="26,0">
        <Bone refID="89" transformation="-2.131628E-14,1.78814E-07,1,1,-1.192093E-07,0,-1.192093E-07,1,-1.78814E-07,-65.52,-10.56,-48.4" />
      </Part>
    </Brick>
    <Brick refID="92" designID="2780">
      <Part refID="90" designID="2780" partType="rigid" materials="26,0">
        <Bone refID="90" transformation="-2.131628E-14,1.78814E-07,1,1,-1.192093E-07,0,-1.192093E-07,1,-1.78814E-07,-65.52,-10.56,-51.6" />
      </Part>
    </Brick>
    <Brick refID="93" designID="2780">
      <Part refID="91" designID="2780" partType="rigid" materials="26,0">
        <Bone refID="91" transformation="-2.131628E-14,1.78814E-07,1,1,-1.192093E-07,0,-1.192093E-07,1,-1.78814E-07,-60.72,-10.56,-51.6" />
      </Part>
    </Brick>
    <Brick refID="94" designID="2780">
      <Part refID="92" designID="2780" partType="rigid" materials="26,0">
        <Bone refID="92" transformation="-2.131628E-14,1.78814E-07,1,1,-1.192093E-07,0,-1.192093E-07,1,-1.78814E-07,-60.72,-10.56,-48.4" />
      </Part>
    </Brick>
    <Brick refID="95" designID="2780">
      <Part refID="93" designID="2780" partType="rigid" materials="26,0">
        <Bone refID="93" transformation="-2.131628E-14,1.78814E-07,1,1,-1.192093E-07,0,-1.192093E-07,1,-1.78814E-07,-60.72,-10.56,-46.8" />
      </Part>
    </Brick>
