<LXFML versionMajor="7" versionMinor="0" versionPatch="0" name="Patty_2_Finished">
  <Meta>
    <Application name="LDraw Converter" versionMajor="2.25.4" versionMinor="1" />
  </Meta>
  <Cameras>
    <Camera refID="0" orthographic="False" fieldOfView="24.6781730652" distance="287.326" transformation="0.140930,0.000000,0.990020,0.465910,0.882350,-0.066320,-0.873540,0.470600,0.124350,-313.784500,124.041300,-8.339124" />
    <Camera refID="1" orthographic="False" fieldOfView="24.6781730652" distance="370.6068" transformation="-0.097800,0.000000,0.995210,0.981850,0.163260,0.096490,-0.162470,0.986580,-0.015970,-123.340500,348.701200,-49.670890" />
    <Camera refID="2" orthographic="False" fieldOfView="24.6781730652" distance="296.8596" transformation="0.946600,0.000000,-0.322400,-0.200680,0.782660,-0.589220,0.252330,0.622460,0.740860,11.786630,177.421800,170.732600" />
    <Camera refID="3" orthographic="False" fieldOfView="24.6781730652" distance="302.0153" transformation="0.945390,0.000000,-0.325950,-0.202270,0.784150,-0.586680,0.255590,0.620570,0.741330,14.072720,180.061500,174.692200" />
    <Camera refID="4" orthographic="False" fieldOfView="24.6781730652" distance="307.6423" transformation="0.944550,0.000000,-0.328360,-0.203970,0.783660,-0.586740,0.257320,0.621190,0.740210,16.269290,184.943000,179.189800" />
    <Camera refID="5" orthographic="False" fieldOfView="24.6781730652" distance="159.6279" transformation="0.995220,0.000000,-0.097690,-0.071260,0.684010,-0.725990,0.066820,0.729480,0.680740,-52.777660,112.605500,58.903960" />
    <Camera refID="6" orthographic="False" fieldOfView="24.6781730652" distance="297.7903" transformation="0.950660,0.000000,-0.310230,-0.188950,0.793130,-0.579000,0.246050,0.609050,0.754000,10.191960,173.041200,180.358500" />
    <Camera refID="7" orthographic="False" fieldOfView="24.6781730652" distance="302.3142" transformation="0.938030,0.000000,-0.346560,-0.212450,0.790070,-0.575030,0.273800,0.613020,0.741110,22.854860,175.964600,174.046900" />
    <Camera refID="8" orthographic="False" fieldOfView="24.6781730652" distance="295.1146" transformation="0.937780,0.000000,-0.347220,-0.212350,0.791190,-0.573520,0.274720,0.611570,0.741960,22.031010,170.219400,169.060400" />
    <Camera refID="9" orthographic="False" fieldOfView="24.6781730652" distance="286.4432" transformation="0.931600,0.000000,-0.363470,-0.222480,0.790780,-0.570230,0.287430,0.612100,0.736700,26.395830,164.249600,159.751100" />
    <Camera refID="10" orthographic="False" fieldOfView="24.6781730652" distance="401.1835" transformation="0.632350,0.000000,0.774680,0.356330,0.887930,-0.290860,-0.687870,0.459970,0.561480,-343.904900,173.572100,174.458100" />
    <Camera refID="11" orthographic="False" fieldOfView="24.6781730652" distance="400.8923" transformation="0.636960,0.000000,0.770900,0.356790,0.886450,-0.294800,-0.683360,0.462830,0.564630,-340.728300,175.454800,176.580000" />
    <Camera refID="12" orthographic="False" fieldOfView="24.6781730652" distance="401.7087" transformation="0.635230,0.000000,0.772320,0.358290,0.885880,-0.294690,-0.684190,0.463910,0.562740,-342.047300,176.618200,175.799600" />
    <Camera refID="13" orthographic="False" fieldOfView="24.6781730652" distance="412.6128" transformation="0.632540,0.000000,0.774530,0.355050,0.888740,-0.289970,-0.688350,0.458410,0.562160,-354.479800,177.960900,180.664600" />
    <Camera refID="14" orthographic="False" fieldOfView="24.6781730652" distance="384.1513" transformation="0.663560,0.000000,0.748120,0.333580,0.895090,-0.295870,-0.669640,0.445890,0.593950,-320.361800,160.339200,192.565300" />
    <Camera refID="15" orthographic="False" fieldOfView="24.6781730652" distance="384.1513" transformation="0.663560,0.000000,0.748120,0.333580,0.895090,-0.295870,-0.669640,0.445890,0.593950,-320.361800,160.339200,192.565300" />
    <Camera refID="16" orthographic="False" fieldOfView="24.6781730652" distance="384.6007" transformation="0.662430,0.000000,0.749120,0.334850,0.894540,-0.296100,-0.670120,0.446990,0.592570,-320.810500,160.964700,191.503500" />
    <Camera refID="17" orthographic="False" fieldOfView="24.6781730652" distance="384.5119" transformation="0.663390,0.000000,0.748280,0.332050,0.896150,-0.294380,-0.670570,0.443750,0.594490,-321.022500,158.848600,192.687100" />
    <Camera refID="18" orthographic="False" fieldOfView="24.6781730652" distance="392.6381" transformation="0.670630,0.000000,0.741790,0.331630,0.894500,-0.299820,-0.663530,0.447070,0.599880,-322.951000,164.088800,199.847200" />
    <Camera refID="19" orthographic="False" fieldOfView="24.6781730652" distance="393.0126" transformation="0.648330,0.000000,0.761360,0.352140,0.886610,-0.299870,-0.675030,0.462520,0.574820,-328.413400,171.621900,179.511000" />
    <Camera refID="20" orthographic="False" fieldOfView="24.6781730652" distance="397.8565" transformation="0.662360,0.000000,0.749190,0.343640,0.888600,-0.303810,-0.665730,0.458680,0.588570,-327.984200,173.141000,193.767600" />
    <Camera refID="21" orthographic="False" fieldOfView="24.6781730652" distance="380.8789" transformation="0.775440,0.000000,0.631420,0.302530,0.877750,-0.371530,-0.554230,0.479130,0.680640,-274.212900,173.141000,218.841600" />
    <Camera refID="22" orthographic="False" fieldOfView="24.6781730652" distance="373.7788" transformation="0.771370,0.000000,0.636390,0.304390,0.878200,-0.368950,-0.558870,0.478300,0.677410,-272.014900,169.430600,212.802700" />
    <Camera refID="23" orthographic="False" fieldOfView="24.6781730652" distance="407.88" transformation="0.605000,0.000000,0.796220,-0.559640,0.711320,0.425240,-0.566370,-0.702870,0.430350,-294.131200,-296.033300,135.132600" />
    <Camera refID="24" orthographic="False" fieldOfView="24.6781730652" distance="417.1131" transformation="0.587860,0.000000,0.808960,-0.579760,0.697410,0.421300,-0.564180,-0.716670,0.409980,-298.446700,-310.693500,122.607200" />
    <Camera refID="25" orthographic="False" fieldOfView="24.6781730652" distance="420.1448" transformation="0.468600,0.000000,0.883410,0.388930,0.897870,-0.206310,-0.793190,0.440260,0.420740,-396.373700,178.423600,135.573800" />
    <Camera refID="26" orthographic="False" fieldOfView="24.6781730652" distance="338.561" transformation="0.943950,0.000000,0.330080,0.175630,0.846690,-0.502260,-0.279480,0.532090,0.799240,-157.699000,172.625700,229.949700" />
    <Camera refID="27" orthographic="False" fieldOfView="24.6781730652" distance="338.5954" transformation="0.943940,0.000000,0.330100,0.175720,0.846540,-0.502480,-0.279450,0.532320,0.799090,-157.699000,172.780800,229.894500" />
    <Camera refID="28" orthographic="False" fieldOfView="24.6781730652" distance="390.0187" transformation="0.614590,0.000000,0.788840,0.483590,0.790060,-0.376770,-0.623230,0.613030,0.485560,-307.200700,234.162800,146.030100" />
    <Camera refID="29" orthographic="False" fieldOfView="24.6781730652" distance="387.7976" transformation="0.614100,0.000000,0.789230,0.486180,0.787730,-0.378300,-0.621700,0.616020,0.483750,-304.214100,234.341000,143.596600" />
    <Camera refID="30" orthographic="False" fieldOfView="24.6781730652" distance="386.322" transformation="0.615290,0.000000,0.788300,0.485040,0.788290,-0.378590,-0.621410,0.615300,0.485030,-302.831000,232.923300,143.806800" />
    <Camera refID="31" orthographic="False" fieldOfView="24.6781730652" distance="386.7303" transformation="0.613630,0.000000,0.789590,0.484090,0.790020,-0.376210,-0.623790,0.613080,0.484780,-304.757200,231.857700,143.919500" />
    <Camera refID="32" orthographic="False" fieldOfView="24.6781730652" distance="386.1968" transformation="0.613820,0.000000,0.789440,0.485380,0.788650,-0.377400,-0.622600,0.614840,0.484090,-303.540500,232.626800,143.234300" />
    <Camera refID="33" orthographic="False" fieldOfView="24.6781730652" distance="387.6046" transformation="0.618270,0.000000,0.785970,0.484760,0.787140,-0.381330,-0.618670,0.616770,0.486670,-301.977500,234.498900,145.192900" />
    <Camera refID="34" orthographic="False" fieldOfView="24.6781730652" distance="381.7003" transformation="0.614640,0.000000,0.788810,0.489140,0.784520,-0.381140,-0.618840,0.620100,0.482200,-297.512800,233.091300,140.187400" />
    <Camera refID="35" orthographic="False" fieldOfView="24.6781730652" distance="388.7794" transformation="0.620370,0.000000,0.784310,0.486050,0.784830,-0.384450,-0.615550,0.619710,0.486880,-300.797800,236.993500,145.642800" />
    <Camera refID="36" orthographic="False" fieldOfView="24.6781730652" distance="387.2073" transformation="0.623970,0.000000,0.781450,0.478590,0.790520,-0.382140,-0.617750,0.612440,0.493260,-300.951500,231.251700,149.080400" />
    <Camera refID="37" orthographic="False" fieldOfView="24.6781730652" distance="385.3293" transformation="0.619920,0.000000,0.784670,0.478930,0.792130,-0.378370,-0.621560,0.610360,0.491050,-302.051400,228.993000,147.143200" />
    <Camera refID="38" orthographic="False" fieldOfView="24.6781730652" distance="389.8107" transformation="0.627780,0.000000,0.778390,0.475890,0.791340,-0.383810,-0.615970,0.611380,0.496790,-302.856900,233.866800,154.179300" />
    <Camera refID="39" orthographic="False" fieldOfView="24.6781730652" distance="388.1243" transformation="0.625170,0.000000,0.780490,0.476470,0.792040,-0.381640,-0.618180,0.610470,0.495160,-303.051100,232.389300,152.582300" />
    <Camera refID="40" orthographic="False" fieldOfView="24.6781730652" distance="382.8358" transformation="0.623960,0.000000,0.781460,0.475730,0.793350,-0.379850,-0.619970,0.608770,0.495010,-300.084400,228.178300,150.451300" />
    <Camera refID="41" orthographic="False" fieldOfView="24.6781730652" distance="380.9511" transformation="0.625170,0.000000,0.780490,0.475300,0.793190,-0.380710,-0.619080,0.608970,0.495880,-297.999200,227.107200,150.181300" />
    <Camera refID="42" orthographic="False" fieldOfView="24.6781730652" distance="391.8023" transformation="0.636320,0.000000,0.771420,0.467820,0.795140,-0.385890,-0.613390,0.606430,0.505960,-303.446300,233.052800,162.217100" />
    <Camera refID="43" orthographic="False" fieldOfView="24.6781730652" distance="313.236" transformation="-0.286240,0.000000,-0.958160,-0.564320,0.808160,0.168590,0.774340,0.588960,-0.231330,181.623800,178.938100,-120.768300" />
    <Camera refID="44" orthographic="False" fieldOfView="24.6781730652" distance="315.3099" transformation="-0.291130,0.000000,-0.956680,-0.562350,0.809000,0.171130,0.773960,0.587810,-0.235520,183.645300,180.105200,-123.770900" />
    <Camera refID="45" orthographic="False" fieldOfView="24.6781730652" distance="470.9836" transformation="-0.169280,0.000000,0.985570,0.383500,0.921190,0.065870,-0.907890,0.389120,-0.155940,-488.884200,176.242200,-122.410500" />
    <Camera refID="46" orthographic="False" fieldOfView="24.6781730652" distance="492.0761" transformation="-0.159070,0.000000,0.987270,0.384710,0.920960,0.061980,-0.909230,0.389670,-0.146490,-515.290700,186.558600,-120.142900" />
    <Camera refID="47" orthographic="False" fieldOfView="24.6781730652" distance="391.6114" transformation="0.683770,0.000000,0.729700,0.105000,0.989590,-0.098400,-0.722100,0.143900,0.676650,-345.515200,49.562230,223.767300" />
    <Camera refID="48" orthographic="False" fieldOfView="24.6781730652" distance="269.1111" transformation="0.670130,0.000000,-0.742240,-0.151210,0.979030,-0.136520,0.726680,0.203720,0.656080,134.118000,47.219800,133.314700" />
    <Camera refID="49" orthographic="False" fieldOfView="24.6781730652" distance="431.626" transformation="0.422140,0.000000,0.906530,0.116600,0.991690,-0.054300,-0.899000,0.128620,0.418640,-452.349500,47.786720,138.061500" />
    <Camera refID="50" orthographic="False" fieldOfView="24.6781730652" distance="332.4053" transformation="0.980130,0.000000,-0.198350,-0.174910,0.471620,-0.864280,0.093550,0.881800,0.462250,-31.299050,290.400100,112.114500" />
  </Cameras>
  <Bricks cameraRef="0">
    <Brick refID="0" designID="4519" uuid="fe73f687-e5bc-5280-214e-0486b273a5f9" itemNos="6130007">
      <Part refID="0" designID="4519" partType="rigid" materials="24:0">
        <Bone refID="0" transformation="1.788139E-07,0,-0.9999999,0,1,0,0.9999999,0,1.788139E-07,-61.92,-9.36,-52.4" />
      </Part>
    </Brick>
    <Brick refID="1" designID="6558" uuid="2a79ea27-c279-e471-f4d1-80b08d62b00a" itemNos="6299413">
      <Part refID="1" designID="6558" partType="rigid" materials="23:0">
        <Bone refID="1" transformation="1.788139E-07,0,0.9999999,0,1,0,-0.9999999,0,1.788139E-07,-64.32,-10.96,-47.6" />
      </Part>
    </Brick>
    <Brick refID="2" designID="6558" uuid="140f6969-d521-3fd0-ece0-3148e62e461e" itemNos="6299413">
      <Part refID="2" designID="6558" partType="rigid" materials="23:0">
        <Bone refID="2" transformation="1.788139E-07,0,0.9999999,0,1,0,-0.9999999,0,1.788139E-07,-64.32,-10.96,-49.2" />
      </Part>
    </Brick>
    <Brick refID="3" designID="2780" uuid="8d3bba74-25e7-c98c-50f5-2ca1b52d3735">
      <Part refID="3" designID="2780" partType="rigid" materials="26:0">
        <Bone refID="3" transformation="-0.9999999,-1.788139E-07,0,0,0,-1,1.788139E-07,-0.9999999,0,-60.72,-8.16,-46.8" />
      </Part>
    </Brick>
    <Brick refID="4" designID="2780" uuid="5737c6ec-2e07-16f3-d8a7-a5c4e0de0d9a">
      <Part refID="4" designID="2780" partType="rigid" materials="26:0">
        <Bone refID="4" transformation="-0.9999999,-1.788139E-07,0,0,0,-1,1.788139E-07,-0.9999999,0,-65.52,-8.16,-46.8" />
      </Part>
    </Brick>
    <Brick refID="5" designID="2780" uuid="bc6dc48b-743d-c5d0-13b1-abaebd2faed2">
      <Part refID="5" designID="2780" partType="rigid" materials="26:0">
        <Bone refID="5" transformation="-0.9999999,-1.788139E-07,0,0,0,-1,1.788139E-07,-0.9999999,0,-60.72,-8.16,-51.6" />
      </Part>
    </Brick>
    <Brick refID="6" designID="2780" uuid="f2fc9902-65c7-12c4-9d51-a18a32b39f0c">
      <Part refID="6" designID="2780" partType="rigid" materials="26:0">
        <Bone refID="6" transformation="-0.9999999,-1.788139E-07,0,0,0,-1,1.788139E-07,-0.9999999,0,-65.52,-8.16,-51.6" />
      </Part>
    </Brick>
    <Brick refID="7" designID="2780" uuid="9bf31c7f-f062-936a-96d3-c8bd1f8f2ff3" itemNos="6279875">
      <Part refID="7" designID="2780" partType="rigid" materials="26:0">
        <Bone refID="7" transformation="-0.9999999,-1.788139E-07,0,0,0,1,-1.788139E-07,0.9999999,0,-60.72,-5.76,-53.2" />
      </Part>
    </Brick>
    <Brick refID="8" designID="2780" uuid="c74d97b0-1eae-257e-44aa-9d5bade97baf" itemNos="6279875">
      <Part refID="8" designID="2780" partType="rigid" materials="26:0">
        <Bone refID="8" transformation="-0.7071071,-1.788139E-07,0.7071063,0.7071064,0,0.7071072,-1.264406E-07,0.9999999,1.264405E-07,-65.52,-5.76,-53.2" />
      </Part>
    </Brick>
    <Brick refID="9" designID="2780" uuid="32072254-9d17-51cf-3f24-7855f937b982">
      <Part refID="9" designID="2780" partType="rigid" materials="26:0">
        <Bone refID="9" transformation="-0.9999999,-1.788139E-07,0,0,0,-1,1.788139E-07,-0.9999999,0,-60.72,-7.36,-45.2" />
      </Part>
    </Brick>
    <Brick refID="10" designID="2780" uuid="caf1a3df-b505-ffed-0d02-4130f58c5cfa">
      <Part refID="10" designID="2780" partType="rigid" materials="26:0">
        <Bone refID="10" transformation="-0.9999999,-1.788139E-07,0,0,0,-1,1.788139E-07,-0.9999999,0,-65.52,-7.36,-45.2" />
      </Part>
    </Brick>
    <Brick refID="11" designID="64290" uuid="89f0fd5c-927d-466d-6ec9-a21b9ac34ffa" itemNos="6261634">
      <Part refID="11" designID="64290" partType="rigid" materials="124:0">
        <Bone refID="11" transformation="5.960464E-07,-5.364418E-07,0.9999999,0.9999999,5.960464E-07,-5.364418E-07,-5.364418E-07,0.9999999,5.960464E-07,-60.72,-6.56,-53.2" />
      </Part>
    </Brick>
    <Brick refID="12" designID="64290" uuid="a666587a-fda6-e89a-ec27-4a3657558a27" itemNos="6261634">
      <Part refID="12" designID="64290" partType="rigid" materials="124:0">
        <Bone refID="12" transformation="5.960464E-07,-5.364418E-07,0.9999999,0.9999999,5.960464E-07,-5.364418E-07,-5.364418E-07,0.9999999,5.960464E-07,-65.52,-6.56,-53.2" />
      </Part>
    </Brick>
    <Brick refID="13" designID="6590" uuid="68d30a95-9472-8bc3-9aa2-4be94b319d21" itemNos="6275844">
      <Part refID="13" designID="6590" partType="rigid" materials="194:0">
        <Bone refID="13" transformation="5.642599E-07,0.6547411,0.7558532,0,0.7558532,-0.6547411,-1,3.694442E-07,4.264977E-07,-60.308,-10.96,-50.8" />
      </Part>
    </Brick>
    <Brick refID="14" designID="32073" uuid="8613985e-c49e-b8f7-57ae-6439e879bb2a" itemNos="4211639">
      <Part refID="14" designID="32073" partType="rigid" materials="194:0">
        <Bone refID="14" transformation="1.788139E-07,-0.654741,-0.7558532,0,0.7558532,-0.6547411,0.9999999,1.170768E-07,1.351571E-07,-56.28,-10.96,-50.8" />
      </Part>
    </Brick>
    <Brick refID="15" designID="32523" uuid="6c8349cc-7260-ae62-e3b1-396831a8398f" itemNos="4153707">
      <Part refID="15" designID="32523" partType="rigid" materials="24:0">
        <Bone refID="15" transformation="5.364418E-07,5.960466E-07,0.9999999,-7.152558E-07,1,-5.364418E-07,-1,-6.556511E-07,5.960464E-07,-60.32,-10.96,-49.2" />
      </Part>
    </Brick>
    <Brick refID="16" designID="6558" uuid="3295c76a-cbf4-caae-d33c-36b1b5fc2cb1" itemNos="6299413">
      <Part refID="16" designID="6558" partType="rigid" materials="23:0">
        <Bone refID="16" transformation="1.788139E-07,0,-0.9999999,0,-1,0,-0.9999999,0,-1.788139E-07,-61.12,-10.96,-49.2" />
      </Part>
    </Brick>
    <Brick refID="17" designID="2780" uuid="7cbbc409-ec99-0f19-c78c-75bd1e06f215">
      <Part refID="17" designID="2780" partType="rigid" materials="26:0">
        <Bone refID="17" transformation="1.788139E-07,0,-0.9999999,0,1,0,0.9999999,0,1.788139E-07,-58.72,-7.76,-50.8" />
      </Part>
    </Brick>
    <Brick refID="18" designID="2780" uuid="072b030b-a126-b2f4-b237-4f342be9ed44">
      <Part refID="18" designID="2780" partType="rigid" materials="26:0">
        <Bone refID="18" transformation="1.788139E-07,0,-0.9999999,0,1,0,0.9999999,0,1.788139E-07,-59.52,-7.76,-47.6" />
      </Part>
    </Brick>
    <Brick refID="19" designID="32524" uuid="7f39f831-7fbd-b198-8ef4-c628eba02591" itemNos="6261638">
      <Part refID="19" designID="32524" partType="rigid" materials="322:0">
        <Bone refID="19" transformation="5.364418E-07,5.960466E-07,0.9999999,-7.152558E-07,1,-5.364418E-07,-1,-6.556511E-07,5.960464E-07,-60.32,-7.76,-52.4" />
      </Part>
    </Brick>
    <Brick refID="20" designID="2780" uuid="fc490ca4-5c00-b124-9bbe-3554a4fdf6fb">
      <Part refID="20" designID="2780" partType="rigid" materials="26:0">
        <Bone refID="20" transformation="1.788139E-07,0,-0.9999999,0,1,0,0.9999999,0,1.788139E-07,-59.52,-10.96,-47.6" />
      </Part>
    </Brick>
    <Brick refID="21" designID="2780" uuid="66f041e1-6a60-928b-05a7-e228a89c3799">
      <Part refID="21" designID="2780" partType="rigid" materials="26:0">
        <Bone refID="21" transformation="1.788139E-07,0,-0.9999999,0,1,0,0.9999999,0,1.788139E-07,-59.52,-7.76,-52.4" />
      </Part>
    </Brick>
    <Brick refID="22" designID="2780" uuid="093f65e0-80a2-95f8-076b-1c5722a46aa2">
      <Part refID="22" designID="2780" partType="rigid" materials="26:0">
        <Bone refID="22" transformation="1.788139E-07,0,-0.9999999,0,1,0,0.9999999,0,1.788139E-07,-59.52,-7.76,-49.2" />
      </Part>
    </Brick>
    <Brick refID="23" designID="6590" uuid="c0c7c76d-30bd-3dca-efc9-6f40275bdc0a" itemNos="6275844">
      <Part refID="23" designID="6590" partType="rigid" materials="194:0">
        <Bone refID="23" transformation="-4.450507E-07,0,-1,0,1,0,1,0,-4.450507E-07,-58.72,-9.36,-52.4" />
      </Part>
    </Brick>
    <Brick refID="24" designID="4519" uuid="9a115815-4dfa-42ca-ddbd-0694a4e9bdc8" itemNos="6130007">
      <Part refID="24" designID="4519" partType="rigid" materials="24:0">
        <Bone refID="24" transformation="1.788139E-07,0,-0.9999999,0,1,0,0.9999999,0,1.788139E-07,-57.92,-9.36,-52.4" />
      </Part>
    </Brick>
    <Brick refID="25" designID="32526" uuid="17e62166-fc85-86df-a4d1-bc0e1742c08b" itemNos="6173003">
      <Part refID="25" designID="32526" partType="rigid" materials="322:0">
        <Bone refID="25" transformation="-5.364418E-07,-0.9999999,5.960464E-07,5.960464E-07,5.364418E-07,0.9999999,-0.9999999,5.960464E-07,5.364418E-07,-59.52,-7.76,-50.8" />
      </Part>
    </Brick>
    <Brick refID="26" designID="32270" uuid="6974ce5a-c660-610b-44d9-b9fed0ff9548" itemNos="4177431">
      <Part refID="26" designID="32270" partType="rigid" materials="26:0">
        <Bone refID="26" transformation="0,0.7558537,-0.6547406,-2.980232E-08,0.6547406,0.7558537,1,-2.980232E-08,0,-57.904,-10.96,-50.8" />
      </Part>
    </Brick>
    <Brick refID="27" designID="32498" uuid="d645920e-395f-edad-7bbb-ed0eca3fe2e0" itemNos="4255563">
      <Part refID="27" designID="32498" partType="rigid" materials="26:0">
        <Bone refID="27" transformation="-1.192093E-07,0,-1,0,1,0,1,0,-1.192093E-07,-57.92,-9.339999,-52.4" />
      </Part>
    </Brick>
    <Brick refID="28" designID="2780" uuid="a3c65c29-7427-0fd0-93ee-8a9bf8ae7d0b">
      <Part refID="28" designID="2780" partType="rigid" materials="26:0">
        <Bone refID="28" transformation="1.788139E-07,0,-0.9999999,0,1,0,0.9999999,0,1.788139E-07,-56.2032,-11.48379,-51.40468" />
      </Part>
    </Brick>
    <Brick refID="29" designID="39367" uuid="ad61ab14-3223-efbc-24c7-d2583be69251" itemNos="6460453">
      <Part refID="29" designID="39367" partType="rigid" materials="26:0,322:0">
        <Bone refID="29" transformation="0,0.6547411,0.7558532,0,0.7558532,-0.6547411,-1,0,0,-57.00319,-10.95929,-50.80061" />
      </Part>
    </Brick>
    <Brick refID="30" designID="2780" uuid="d09bf415-44a3-365a-46c9-077ebb5e35c3">
      <Part refID="30" designID="2780" partType="rigid" materials="26:0">
        <Bone refID="30" transformation="1.788139E-07,0,-0.9999999,0,1,0,0.9999999,0,1.788139E-07,-56.2032,-10.4362,-50.19532" />
      </Part>
    </Brick>
    <Brick refID="31" designID="46372" uuid="d2ddea18-f006-65ce-8623-e36bd4e3c7c5" itemNos="6259270">
      <Part refID="31" designID="46372" partType="rigid" materials="194:0">
        <Bone refID="31" transformation="-3.576279E-07,-0.6547408,-0.7558532,-2.086163E-07,0.7558534,-0.6547408,0.9999998,-2.086163E-07,-3.576279E-07,-57.08,-10.94488,-50.8131" />
      </Part>
    </Brick>
    <Brick refID="32" designID="32073" uuid="a97da629-b098-b75c-294d-ffdc3e463904" itemNos="4211639">
      <Part refID="32" designID="32073" partType="rigid" materials="194:0">
        <Bone refID="32" transformation="1.788139E-07,0,-0.9999999,0,1,0,0.9999999,0,1.788139E-07,-65.9664,-10.96,-50.8" />
      </Part>
    </Brick>
    <Brick refID="33" designID="6590" uuid="9778d5d2-19c5-080b-9a6a-17bef029331c" itemNos="6275844">
      <Part refID="33" designID="6590" partType="rigid" materials="194:0">
        <Bone refID="33" transformation="6.834693E-07,0,1,0,1,0,-1,0,6.834693E-07,-66.72,-10.96,-50.8" />
      </Part>
    </Brick>
    <Brick refID="34" designID="32524" uuid="f7177163-c833-dff4-b38f-c8d2872f1ec6" itemNos="6261638">
      <Part refID="34" designID="32524" partType="rigid" materials="322:0">
        <Bone refID="34" transformation="5.364418E-07,5.960466E-07,0.9999999,-7.152558E-07,1,-5.364418E-07,-1,-6.556511E-07,5.960464E-07,-66.72,-7.76,-52.4" />
      </Part>
    </Brick>
    <Brick refID="35" designID="2780" uuid="32bb90e8-976a-ab52-98d5-da10fe66f21d">
      <Part refID="35" designID="2780" partType="rigid" materials="26:0">
        <Bone refID="35" transformation="1.788139E-07,0,-0.9999999,0,1,0,0.9999999,0,1.788139E-07,-65.92,-7.76,-50.8" />
      </Part>
    </Brick>
    <Brick refID="36" designID="2780" uuid="735b90b4-5681-25ed-6c3f-678819b6e058">
      <Part refID="36" designID="2780" partType="rigid" materials="26:0">
        <Bone refID="36" transformation="1.788139E-07,0,-0.9999999,0,1,0,0.9999999,0,1.788139E-07,-65.12,-10.96,-47.6" />
      </Part>
    </Brick>
    <Brick refID="37" designID="6558" uuid="a3f390d8-8e4c-41f2-747b-fa2f1b5f87db" itemNos="6299413">
      <Part refID="37" designID="6558" partType="rigid" materials="23:0">
        <Bone refID="37" transformation="-1.788139E-07,0,-0.9999999,0,1,0,0.9999999,0,-1.788139E-07,-65.12,-10.96,-49.2" />
      </Part>
    </Brick>
    <Brick refID="38" designID="32523" uuid="14bfa6bb-1487-5e45-bba0-28a21ed38046" itemNos="4153707">
      <Part refID="38" designID="32523" partType="rigid" materials="24:0">
        <Bone refID="38" transformation="5.364418E-07,-5.960464E-07,-1,-7.152558E-07,-1,5.364419E-07,-1,4.172326E-07,-5.960466E-07,-66.72,-10.96,-47.6" />
      </Part>
    </Brick>
    <Brick refID="39" designID="2780" uuid="44f683a8-4163-b352-3afe-57c2e008bc8c">
      <Part refID="39" designID="2780" partType="rigid" materials="26:0">
        <Bone refID="39" transformation="1.788139E-07,0,-0.9999999,0,1,0,0.9999999,0,1.788139E-07,-65.12,-7.76,-52.4" />
      </Part>
    </Brick>
    <Brick refID="40" designID="2780" uuid="ea5d2f1c-4608-232e-07d3-aa3d998e5135">
      <Part refID="40" designID="2780" partType="rigid" materials="26:0">
        <Bone refID="40" transformation="1.788139E-07,0,-0.9999999,0,1,0,0.9999999,0,1.788139E-07,-65.12,-7.76,-47.6" />
      </Part>
    </Brick>
    <Brick refID="41" designID="2780" uuid="03afdbd6-6e79-29b1-25f8-597834fa83a4">
      <Part refID="41" designID="2780" partType="rigid" materials="26:0">
        <Bone refID="41" transformation="1.788139E-07,0,-0.9999999,0,1,0,0.9999999,0,1.788139E-07,-65.12,-7.76,-49.2" />
      </Part>
    </Brick>
    <Brick refID="42" designID="32270" uuid="65b9eea6-e1cc-6bb9-f0cd-2a47751a186f" itemNos="4177431">
      <Part refID="42" designID="32270" partType="rigid" materials="26:0">
        <Bone refID="42" transformation="-1.192093E-07,-0.9659261,0.2588188,0,0.2588187,0.9659261,-1,0,-1.192093E-07,-68.32,-10.96,-50.8" />
      </Part>
    </Brick>
    <Brick refID="43" designID="32526" uuid="e2c420d9-28d4-bf8c-e0ff-2ec19b371514" itemNos="6173003">
      <Part refID="43" designID="32526" partType="rigid" materials="322:0">
        <Bone refID="43" transformation="-5.364418E-07,-0.9999999,5.960464E-07,5.960464E-07,5.364418E-07,0.9999999,-0.9999999,5.960464E-07,5.364418E-07,-67.52,-7.76,-50.8" />
      </Part>
    </Brick>
    <Brick refID="44" designID="4519" uuid="d82c8d16-19ad-8176-d665-453cfb2e55f0" itemNos="6130007">
      <Part refID="44" designID="4519" partType="rigid" materials="24:0">
        <Bone refID="44" transformation="1.788139E-07,0,-0.9999999,0,1,0,0.9999999,0,1.788139E-07,-65.92,-9.36,-52.4" />
      </Part>
    </Brick>
    <Brick refID="45" designID="6590" uuid="a684ecee-e76f-c522-7732-86a895bc8436" itemNos="6275844">
      <Part refID="45" designID="6590" partType="rigid" materials="194:0">
        <Bone refID="45" transformation="6.834693E-07,0,1,0,1,0,-1,0,6.834693E-07,-67.52,-9.36,-52.4" />
      </Part>
    </Brick>
    <Brick refID="46" designID="32498" uuid="72b32a1f-754b-a1c0-9b36-95e0cb6cde7f" itemNos="4255563">
      <Part refID="46" designID="32498" partType="rigid" materials="26:0">
        <Bone refID="46" transformation="-1.192093E-07,0,-1,0,1,0,1,0,-1.192093E-07,-67.52,-9.339999,-52.4" />
      </Part>
    </Brick>
    <Brick refID="47" designID="46372" uuid="f0935e4c-d592-0aa6-c7c9-96a5ee53a70f" itemNos="6259270">
      <Part refID="47" designID="46372" partType="rigid" materials="194:0">
        <Bone refID="47" transformation="-1.192093E-07,0,-1,0,1,0,1,0,-1.192093E-07,-68.3664,-10.94,-50.8" />
      </Part>
    </Brick>
    <Brick refID="48" designID="2780" uuid="d1fe173d-08e9-5939-7adf-34b1d77e88d7">
      <Part refID="48" designID="2780" partType="rigid" materials="26:0">
        <Bone refID="48" transformation="-1.788139E-07,0,0.9999999,0,1,0,-0.9999999,0,-1.788139E-07,-70.0232,-10.96,-51.6" />
      </Part>
    </Brick>
    <Brick refID="49" designID="2780" uuid="fbd7939d-6749-97cd-b469-2d34de8633c4">
      <Part refID="49" designID="2780" partType="rigid" materials="26:0">
        <Bone refID="49" transformation="1.788139E-07,0,-0.9999999,0,1,0,0.9999999,0,1.788139E-07,-68.42319,-10.96,-50" />
      </Part>
    </Brick>
    <Brick refID="50" designID="39367" uuid="35f4a8d4-65e6-e1ed-c05f-3d8ab658c551" itemNos="6460453">
      <Part refID="50" designID="39367" partType="rigid" materials="26:0,322:0">
        <Bone refID="50" transformation="-1.192093E-07,0,-1,0,1,0,1,0,-1.192093E-07,-69.2232,-10.95907,-50.8" />
      </Part>
    </Brick>
    <Brick refID="51" designID="65489" uuid="9766527f-2b5d-3e95-d4a7-33fcfb77bd7e" itemNos="6282158">
      <Part refID="51" designID="65489" partType="rigid" materials="194:0">
        <Bone refID="51" transformation="5.960464E-07,4.172326E-07,1,-5.364418E-07,-1,4.768372E-07,0.9999999,-5.960464E-07,-5.364419E-07,-67.92,-9.748399,-36.4" />
      </Part>
    </Brick>
    <Brick refID="52" designID="65489" uuid="7e7757b1-e12a-bcb7-36ab-9a754ffb617a" itemNos="6282158">
      <Part refID="52" designID="65489" partType="rigid" materials="194:0">
        <Bone refID="52" transformation="5.960464E-07,4.172326E-07,1,-5.364418E-07,-1,4.768372E-07,0.9999999,-5.960464E-07,-5.364419E-07,-58.32,-9.748399,-36.39999" />
      </Part>
    </Brick>
    <Brick refID="53" designID="41239" uuid="5878a7ab-84fb-4340-2106-c575658472fa" itemNos="6261643">
      <Part refID="53" designID="41239" partType="rigid" materials="322:0">
        <Bone refID="53" transformation="1,-5.364418E-07,-7.152558E-07,-6.556511E-07,5.960464E-07,-1,5.960466E-07,0.9999999,5.364418E-07,-67.92,-11.3484,-36.4" />
      </Part>
    </Brick>
    <Brick refID="54" designID="41239" uuid="006f52e9-102a-8d3b-e2fe-5614f42ba989" itemNos="6261643">
      <Part refID="54" designID="41239" partType="rigid" materials="322:0">
        <Bone refID="54" transformation="1,-5.364418E-07,-7.152558E-07,-6.556511E-07,5.960464E-07,-1,5.960466E-07,0.9999999,5.364418E-07,-67.92,-11.3484,-34.8" />
      </Part>
    </Brick>
    <Brick refID="55" designID="6562" uuid="96da2f59-0cd7-246b-bde0-051047b0d6f7" itemNos="4666579">
      <Part refID="55" designID="6562" partType="rigid" materials="5:0">
        <Bone refID="55" transformation="-2.131628E-14,1.78814E-07,-0.9999999,-1,-1.192093E-07,0,-1.192093E-07,1,1.788139E-07,-63.12,-10.5484,-34.8" />
      </Part>
    </Brick>
    <Brick refID="56" designID="32184" uuid="bf822969-6f7a-3bb4-700c-fddef19fa23f" itemNos="6276981">
      <Part refID="56" designID="32184" partType="rigid" materials="1:0">
        <Bone refID="56" transformation="5.960464E-08,1.192093E-07,-0.9999999,0.9999999,5.960464E-08,1.192093E-07,1.192093E-07,-0.9999999,-5.960464E-08,-63.12,-11.3484,-34.82499" />
      </Part>
    </Brick>
    <Brick refID="57" designID="32073" uuid="f7e6c855-04ce-6e82-442c-770f7c8606f0" itemNos="4211639">
      <Part refID="57" designID="32073" partType="rigid" materials="194:0">
        <Bone refID="57" transformation="-2.131628E-14,1.78814E-07,-0.9999999,-1,-1.192093E-07,0,-1.192093E-07,1,1.788139E-07,-63.12,-8.9484,-36.39999" />
      </Part>
    </Brick>
    <Brick refID="58" designID="32123" uuid="2838023a-778d-faec-dc21-2708f721b788" itemNos="6271167">
      <Part refID="58" designID="32123" partType="rigid" materials="24:0">
        <Bone refID="58" transformation="0,0,-1,-1,0,0,0,1,0,-63.12,-12.1484,-36.39999" />
      </Part>
    </Brick>
    <Brick refID="59" designID="32123" uuid="82161242-827b-703e-6acf-9c726942a1e4" itemNos="6271167">
      <Part refID="59" designID="32123" partType="rigid" materials="24:0">
        <Bone refID="59" transformation="0,0,-1,-1,0,0,0,1,0,-63.12,-12.5412,-36.39999" />
      </Part>
    </Brick>
    <Brick refID="60" designID="32123" uuid="8f855179-6779-5eee-f66c-225f7883bdcb" itemNos="6271167">
      <Part refID="60" designID="32123" partType="rigid" materials="24:0">
        <Bone refID="60" transformation="0,-1,0,0,0,1,-1,0,0,-67.5024,-10.9484,-36.4" />
      </Part>
    </Brick>
    <Brick refID="61" designID="32073" uuid="8f53295a-7387-8494-e9bc-8dd6c3c7104f" itemNos="4211639">
      <Part refID="61" designID="32073" partType="rigid" materials="194:0">
        <Bone refID="61" transformation="-1.788139E-07,0,-0.9999999,0,-1,0,-0.9999999,0,1.788139E-07,-70.652,-10.9484,-36.39999" />
      </Part>
    </Brick>
    <Brick refID="62" designID="32073" uuid="045117b0-e0a1-1a24-2b97-65e79cbf113f" itemNos="4211639">
      <Part refID="62" designID="32073" partType="rigid" materials="194:0">
        <Bone refID="62" transformation="-1.788139E-07,0,-0.9999999,0,-1,0,-0.9999999,0,1.788139E-07,-59.5136,-10.9484,-36.39999" />
      </Part>
    </Brick>
    <Brick refID="63" designID="32123" uuid="fc221309-7460-13ac-5545-71fbd180e1c8" itemNos="6271167">
      <Part refID="63" designID="32123" partType="rigid" materials="24:0">
        <Bone refID="63" transformation="0,-1,0,0,0,1,-1,0,0,-59.1056,-10.9484,-36.39999" />
      </Part>
    </Brick>
    <Brick refID="64" designID="32123" uuid="a2557a7b-2e94-197f-f767-970b67041697" itemNos="6271167">
      <Part refID="64" designID="32123" partType="rigid" materials="24:0">
        <Bone refID="64" transformation="0,-1,0,0,0,1,-1,0,0,-67.1112,-10.9484,-36.4" />
      </Part>
    </Brick>
    <Brick refID="65" designID="32123" uuid="58a2fc6e-d39f-d083-f55d-4182bf88826d" itemNos="6271167">
      <Part refID="65" designID="32123" partType="rigid" materials="24:0">
        <Bone refID="65" transformation="0,-1,0,0,0,1,-1,0,0,-59.5136,-10.9484,-36.39999" />
      </Part>
    </Brick>
    <Brick refID="66" designID="6590" uuid="4c5bde74-a8f1-1065-6874-902f07378009" itemNos="6275844">
      <Part refID="66" designID="6590" partType="rigid" materials="194:0">
        <Bone refID="66" transformation="6.834693E-07,0,1,0,1,0,-1,0,6.834693E-07,-57.902,-10.9484,-36.39999" />
      </Part>
    </Brick>
    <Brick refID="67" designID="6590" uuid="cedebb6e-872f-539b-ef8c-3f919874e9d7" itemNos="6275844">
      <Part refID="67" designID="6590" partType="rigid" materials="194:0">
        <Bone refID="67" transformation="6.834693E-07,0,1,0,1,0,-1,0,6.834693E-07,-69.1264,-10.9484,-36.4" />
      </Part>
    </Brick>
    <Brick refID="68" designID="2780" uuid="fa7cdfad-1a5a-af83-70eb-eda47a1ff1c3">
      <Part refID="68" designID="2780" partType="rigid" materials="26:0">
        <Bone refID="68" transformation="-2.131628E-14,1.78814E-07,1,1,-1.192093E-07,0,-1.192093E-07,1,-1.78814E-07,-59.12,-8.9484,-36.4" />
      </Part>
    </Brick>
    <Brick refID="69" designID="2780" uuid="0777d5c1-7d40-66b8-2ab8-6dff8a46af6f">
      <Part refID="69" designID="2780" partType="rigid" materials="26:0">
        <Bone refID="69" transformation="-2.131628E-14,1.78814E-07,1,1,-1.192093E-07,0,-1.192093E-07,1,-1.78814E-07,-67.12,-8.9484,-36.4" />
      </Part>
    </Brick>
    <Brick refID="70" designID="41239" uuid="82aa4b0a-f34c-2313-a562-076992e50aa3" itemNos="6261643">
      <Part refID="70" designID="41239" partType="rigid" materials="322:0">
        <Bone refID="70" transformation="1,-5.364418E-07,-7.152558E-07,-6.556511E-07,5.960464E-07,-1,5.960466E-07,0.9999999,5.364418E-07,-67.92,-9.748401,-36.4" />
      </Part>
    </Brick>
    <Brick refID="71" designID="39367" uuid="6cdd60ea-0045-eb7a-6ec4-4c54d29ed402" itemNos="6460453">
      <Part refID="71" designID="39367" partType="rigid" materials="26:0,322:0">
        <Bone refID="71" transformation="-1.192093E-07,0,1,0,1,0,-1,0,-1.192093E-07,-69.9292,-10.94747,-36.40001" />
      </Part>
    </Brick>
    <Brick refID="72" designID="39367" uuid="9872ed9f-c22f-c182-d371-c3e9ed316094" itemNos="6460453">
      <Part refID="72" designID="39367" partType="rigid" materials="26:0,322:0">
        <Bone refID="72" transformation="-1.192093E-07,0,1,0,1,0,-1,0,-1.192093E-07,-57.1072,-10.94747,-36.39999" />
      </Part>
    </Brick>
    <Brick refID="73" designID="32123" uuid="31fefc0e-570c-b386-0f2a-6d4b38c6490d" itemNos="6271167">
      <Part refID="73" designID="32123" partType="rigid" materials="24:0">
        <Bone refID="73" transformation="0,-1,0,0,0,1,-1,0,0,-70.28919,-10.9484,-36.4" />
      </Part>
    </Brick>
    <Brick refID="74" designID="32123" uuid="9dcb88e0-1376-4959-0b75-5372b040afad" itemNos="6271167">
      <Part refID="74" designID="32123" partType="rigid" materials="24:0">
        <Bone refID="74" transformation="0,-1,0,0,0,1,-1,0,0,-70.652,-10.9484,-36.4" />
      </Part>
    </Brick>
    <Brick refID="75" designID="32123" uuid="cfecdb27-6f63-4854-f3ef-915e2e980c31" itemNos="6271167">
      <Part refID="75" designID="32123" partType="rigid" materials="24:0">
        <Bone refID="75" transformation="0,-1,0,0,0,1,-1,0,0,-56.3212,-10.9484,-36.39999" />
      </Part>
    </Brick>
    <Brick refID="76" designID="32123" uuid="0aa1883c-6411-f787-3cb8-3dacb17b0afc" itemNos="6271167">
      <Part refID="76" designID="32123" partType="rigid" materials="24:0">
        <Bone refID="76" transformation="0,-1,0,0,0,1,-1,0,0,-55.9072,-10.9484,-36.39999" />
      </Part>
    </Brick>
    <Brick refID="77" designID="18651" uuid="4c56ff4c-e4aa-f957-3aa5-dff913df997a" itemNos="6089119">
      <Part refID="77" designID="18651" partType="rigid" materials="26:0">
        <Bone refID="77" transformation="0.9999999,-1.788139E-07,0,0,0,1,-1.788139E-07,-0.9999999,0,-65.52,-11.36,-46" />
      </Part>
    </Brick>
    <Brick refID="78" designID="18651" uuid="a0a080f4-2e6f-13b3-a2df-133f073095dd" itemNos="6089119">
      <Part refID="78" designID="18651" partType="rigid" materials="26:0">
        <Bone refID="78" transformation="0.9999999,-1.788139E-07,0,0,0,1,-1.788139E-07,-0.9999999,0,-63.92,-11.36,-46" />
      </Part>
    </Brick>
    <Brick refID="79" designID="18651" uuid="202cb962-ac59-075b-964b-07152d234b70" itemNos="6089119">
      <Part refID="79" designID="18651" partType="rigid" materials="26:0">
        <Bone refID="79" transformation="0.9999999,-1.788139E-07,0,0,0,1,-1.788139E-07,-0.9999999,0,-62.32,-11.3484,-46" />
      </Part>
    </Brick>
    <Brick refID="80" designID="18651" uuid="c8ffe9a5-87b1-26f1-52ed-3d89a146b445" itemNos="6089119">
      <Part refID="80" designID="18651" partType="rigid" materials="26:0">
        <Bone refID="80" transformation="0.9999999,-1.788139E-07,0,0,0,1,-1.788139E-07,-0.9999999,0,-60.72,-11.3484,-46" />
      </Part>
    </Brick>
    <Brick refID="81" designID="32184" uuid="7f6ffaa6-bb0b-4080-17b6-2254211691b5" itemNos="6276981">
      <Part refID="81" designID="32184" partType="rigid" materials="1:0">
        <Bone refID="81" transformation="1,-2.131628E-14,-5.960466E-08,-1.192093E-07,-5.960467E-08,-1,1.788139E-07,1,-1.192093E-07,-65.495,-10.56,-46" />
      </Part>
    </Brick>
    <Brick refID="82" designID="32184" uuid="73278a4a-8696-0eeb-576a-8fd4c9ec6997" itemNos="6276981">
      <Part refID="82" designID="32184" partType="rigid" materials="1:0">
        <Bone refID="82" transformation="1,2.384186E-07,5.960464E-08,-1.192093E-07,5.960464E-08,0.9999999,1.788139E-07,-1,1.192093E-07,-65.495,-10.56,-46" />
      </Part>
    </Brick>
    <Brick refID="83" designID="32184" uuid="5f93f983-524d-ef3d-ca46-4469d2cf9f3e" itemNos="6276981">
      <Part refID="83" designID="32184" partType="rigid" materials="1:0">
        <Bone refID="83" transformation="1,2.384186E-07,5.960464E-08,-1.192093E-07,5.960464E-08,0.9999999,1.788139E-07,-1,1.192093E-07,-62.295,-11.36,-46" />
      </Part>
    </Brick>
